-20.0 0.0 0.0 0.0 1.0 0.0
20.0 0.0 0.0 0.0 1.0 0.0
20.0 0.0 0.0 0.0 1.0 0.0
19.0 0.5 0.5 0.0 1.0 0.0
20.0 0.0 0.0 0.0 1.0 0.0
19.0 -0.5 -0.5 0.0 1.0 0.0
20.0 0.0 0.0 0.0 1.0 0.0
19.0 0.5 -0.5 0.0 1.0 0.0
20.0 0.0 0.0 0.0 1.0 0.0
19.0 -0.5 0.5 0.0 1.0 0.0
0.0 -30.0 0.0 0.0 1.0 1.0
0.0 30.0 0.0 0.0 1.0 1.0
0.0 30.0 0.0 0.0 1.0 1.0
0.5 29.0 0.5 0.0 1.0 1.0
0.0 30.0 0.0 0.0 1.0 1.0
-0.5 29.0 -0.5 0.0 1.0 1.0
0.0 30.0 0.0 0.0 1.0 1.0
0.5 29.0 -0.5 0.0 1.0 1.0
0.0 30.0 0.0 0.0 1.0 1.0
-0.5 29.0 0.5 0.0 1.0 1.0
0.0 0.0 0.0 1.0 1.0 0.0
0.0 0.0 50.0 1.0 1.0 0.0
